  0  0 30 0.00 0.00 0.00     0 0.00 0.00 0.00     0 0.00 0.00 0.00     0 inf
  0  0 30 0.00 0.00 0.00     0 0.00 0.00 0.00     0 0.00 0.00 0.00     0 inf
  0  0 30 0.00 0.00 0.00     0 0.00 0.00 0.00     0 0.00 0.00 0.00     0 inf
  0  0 30 0.00 0.00 0.00     0 0.00 0.00 0.00     0 0.00 0.00 0.00     0 inf
  0  0 30 0.00 0.00 0.00     0 0.00 0.00 0.00     0 0.00 0.00 0.00     0 inf
  0  0 30 0.00 0.00 0.00     0 0.00 0.00 0.00     0 0.00 0.00 0.00     0 inf
  0  0 30 0.00 0.00 0.00     0 0.00 0.00 0.00     0 40.45 0.00 0.00     0 0.007
  0  0 30 0.00 0.00 0.00     0 0.00 0.00 0.00     0 30.73 0.00 0.00     0 inf
  0  0 30 0.00 0.00 0.00     0 0.00 0.00 0.00     0 30.73 0.00 0.00     0 inf
  0  0 30 0.00 0.00 0.00     0 0.00 0.00 0.00     0 32.96 0.00 0.00     0 inf
  0  0 30 0.00 0.00 0.00     0 0.00 0.00 0.00     0 32.96 0.00 0.00     0 inf
  0  0 30 0.00 0.00 0.00     0 0.00 0.00 0.00     0 32.96 0.00 0.00     0 inf
  0  0 30 0.00 0.00 0.00     0 0.00 0.00 0.00     0 16.71 7.88 8.62     0 inf
  0  0 30 0.00 0.00 0.00     0 0.00 0.00 0.00     0 32.96 0.00 0.00     0 inf
  0  0 30 0.00 0.00 0.00     0 0.00 0.00 0.00     0 20.36 0.00 0.00     0 inf
  0  0 30 0.00 0.00 0.00     0 0.00 0.00 0.00     0 46.19 0.00 0.00     0 0.022
  0  0 30 0.00 0.00 0.00     0 0.00 0.00 0.00     0 50.65 0.00 0.00     0 0.019
