  3 28 28 37.53 41.29 42.85 21096 0.00 0.00 0.00     0 36.89 41.09 42.57 10538  2320 1.328
  3 28 28 37.53 41.29 42.85 21096 0.00 0.00 0.00     0 36.89 41.09 42.57 10538  2320 1.324
  3 28 28 37.53 41.29 42.85 21096 0.00 0.00 0.00     0 36.89 41.09 42.57 10538  2320 1.163
  3 28 28 37.53 41.29 42.85 21096 0.00 0.00 0.00     0 36.89 41.09 42.57 10538  2320 1.142
  3 28 28 35.86 34.17 34.27 187128 0.00 0.00 0.00     0 33.72 32.30 32.28 175058 155560 0.504
  3 28 28 35.86 34.17 34.27 187128 0.00 0.00 0.00     0 33.72 32.30 32.28 175058 155560 0.542
  3 28 28 37.66 41.82 43.07 21080 0.00 0.00 0.00     0 38.59 36.23 36.93 23394 23744 0.335
  3 28 28 37.66 41.82 43.07 21080 0.00 0.00 0.00     0 38.59 36.23 36.93 23394 23744 0.367
  3 28 28 37.66 41.82 43.07 21080 0.00 0.00 0.00     0 38.59 36.23 36.93 23394 23744 0.354
  3 28 28 37.66 41.82 43.07 21080 0.00 0.00 0.00     0 38.59 36.23 36.93 23394 23744 0.305
  3 28 28 37.46 41.29 42.85 21608 0.00 0.00 0.00     0 36.87 41.08 42.60 10805  2336 1.076
  3 28 28 37.66 41.82 43.07 21080 0.00 0.00 0.00     0 38.59 36.23 36.93 23394 23744 0.326
  3 28 28 37.66 41.82 43.07 21080 0.00 0.00 0.00     0 38.59 36.23 36.93 23394 23744 0.371
  3 28 28 37.66 41.82 43.07 21080 0.00 0.00 0.00     0 38.59 36.23 36.93 23394 23744 0.293
  3 28 28 37.66 41.82 43.07 21080 0.00 0.00 0.00     0 38.59 36.23 36.93 23394 23744 0.336
  3 28 28 37.66 41.82 43.07 21080 0.00 0.00 0.00     0 38.59 36.23 36.93 23394 23744 0.269
  3 28 28 37.66 41.82 43.07 21080 0.00 0.00 0.00     0 38.59 36.23 36.93 23394 23744 0.432
  3 28 28 37.66 41.82 43.07 21080 0.00 0.00 0.00     0 38.59 36.23 36.93 23394 23744 0.261
  3 28 28 37.66 41.82 43.07 21080 0.00 0.00 0.00     0 38.59 36.23 36.93 23394 23744 0.281
  3 28 28 37.66 41.82 43.07 21080 0.00 0.00 0.00     0 38.59 36.23 36.93 23394 23744 0.307
  3 28 28 37.66 41.82 43.07 21080 0.00 0.00 0.00     0 38.59 36.23 36.93 23394 23744 0.249
  3 28 28 37.66 41.82 43.07 21080 0.00 0.00 0.00     0 38.59 36.23 36.93 23394 23744 0.289
  3 28 28 37.66 41.82 43.07 21080 0.00 0.00 0.00     0 38.59 36.23 36.93 23394 23744 0.370
  3 28 28 37.66 41.82 43.07 21080 0.00 0.00 0.00     0 38.59 36.23 36.93 23394 23744 0.369
  3 28 28 37.66 41.82 43.07 21080 0.00 0.00 0.00     0 38.59 36.23 36.93 23394 23744 0.358
  3 28 28 37.66 41.82 43.07 21080 0.00 0.00 0.00     0 38.59 36.23 36.93 23394 23744 0.974
  3 28 28 37.66 41.82 43.07 21080 0.00 0.00 0.00     0 38.59 36.23 36.93 23394 23744 0.548
  3 28 28 37.66 41.82 43.07 21080 0.00 0.00 0.00     0 38.59 36.23 36.93 23394 23744 0.458
  3 28 28 37.66 41.82 43.07 21080 0.00 0.00 0.00     0 38.59 36.23 36.93 23394 23744 0.449
  3 28 28 37.66 41.82 43.07 21080 0.00 0.00 0.00     0 38.59 36.23 36.93 23394 23744 0.438
  3 28 28 37.66 41.82 43.07 21080 0.00 0.00 0.00     0 38.59 36.23 36.93 23394 23744 0.431
  3 28 28 37.66 41.82 43.07 21080 0.00 0.00 0.00     0 38.59 36.23 36.93 23394 23744 0.483
  3 28 28 37.66 41.82 43.07 21080 0.00 0.00 0.00     0 38.59 36.23 36.93 23394 23744 0.427
  3 28 28 37.66 41.82 43.07 21080 0.00 0.00 0.00     0 38.59 36.23 36.93 23394 23744 0.559
  3 28 28 37.66 41.82 43.07 21080 0.00 0.00 0.00     0 38.59 36.23 36.93 23394 23744 0.443
  3 28 28 37.66 41.82 43.07 21080 0.00 0.00 0.00     0 38.59 36.23 36.93 23394 23744 0.424
  3 28 28 37.66 41.82 43.07 21080 0.00 0.00 0.00     0 38.59 36.23 36.93 23394 23744 0.544
  3 28 28 37.66 41.82 43.07 21080 0.00 0.00 0.00     0 38.59 36.23 36.93 23394 23744 0.459
  3 28 28 35.83 40.55 40.56 40704 0.00 0.00 0.00     0 35.00 40.49 40.58 21546  6176 0.422
  3 28 28 35.83 40.55 40.56 40704 0.00 0.00 0.00     0 35.00 40.49 40.58 21546  6176 0.415
  3 28 28 35.83 40.55 40.56 40704 0.00 0.00 0.00     0 35.00 40.49 40.58 21546  6176 0.437
  3 28 28 35.80 40.55 40.56 40824 0.00 0.00 0.00     0 35.01 40.53 40.59 21685  6136 0.432
  3 28 28 35.82 40.55 40.56 40432 0.00 0.00 0.00     0 34.98 40.50 40.59 21384  6024 0.361
  3 28 28 35.82 40.55 40.56 40432 0.00 0.00 0.00     0 34.98 40.50 40.59 21384  6024 0.319
 75 28 28 35.82 40.55 40.56 40432 0.00 0.00 0.00     0 33.38 40.12 41.20 10674  6984 1.045
  4 28 28 37.68 41.82 43.07 20976 0.00 0.00 0.00     0 38.15 37.87 37.83 19256 22816 0.415
  4 28 28 37.68 41.82 43.07 20976 0.00 0.00 0.00     0 38.15 37.87 37.83 19256 22816 0.446
  3 28 28 37.68 41.82 43.07 20976 0.00 0.00 0.00     0 38.57 36.24 36.94 23301 23656 0.404
  3 30 30 36.20 41.53 42.81 17088 0.00 0.00 0.00     0 37.82 35.72 36.41 20661 22720 0.383
  3 32 32 34.85 40.79 41.82 14024 0.00 0.00 0.00     0 37.04 35.01 35.63 18818 23752 0.364
  3 32 32 34.85 40.79 41.82 14024 0.00 0.00 0.00     0 37.04 35.01 35.63 18818 23752 0.382
  3 32 32 34.85 40.79 41.82 14024 0.00 0.00 0.00     0 37.04 35.01 35.63 18818 23752 0.372
  3 34 34 33.62 39.91 41.20 11352 0.00 0.00 0.00     0 36.27 34.40 35.13 17021 23112 0.362
  3 36 36 32.35 39.17 40.33  9152 0.00 0.00 0.00     0 35.61 33.61 34.34 15432 23568 0.362
  3 38 38 30.92 38.61 39.89  7240 0.00 0.00 0.00     0 34.75 33.11 33.96 14208 23552 0.336
  3 38 38 30.92 38.61 39.89  7240 0.00 0.00 0.00     0 34.75 33.11 33.96 14208 23552 0.314
  3 38 38 30.92 38.61 39.89  7240 0.00 0.00 0.00     0 34.75 33.11 33.96 14208 23552 0.297
  3 28 28 37.68 41.82 43.07 20976 0.00 0.00 0.00     0 38.57 36.24 36.94 23301 23656 0.390
